2024-06-25 | 70.5 | 175.0 | 75 | 120 | 80 | 8 | 10000 | 测试
2024-06-27 | 70.5 | 175.0 | 75 | 120 | 80 | 8 | 10000 | 测试记录
2024-06-25 | 70.5 | 175.0 | 75 | 120 | 80 | 8 | 10000 | 测试
2025-06-28 |  |  |  |  |  |  |  | 
2024-06-25 | 70.5 | 175.0 | 75 | 120 | 80 | 8 | 10000 | 测试
2024-06-25 | 70.5 | 175.0 | 75 | 120 | 80 | 8 | 10000 | 测试
2024-06-25 | 70.0 | 175.0 | 75 | 120 | 80 | 8 | 10000 | 记录1
2024-06-25 | 70.0 | 175.0 | 75 | 120 | 80 | 8 | 10000 | 测试
2024-06-25 | 70.5 | 175.0 | 75 | 120 | 80 | 8 | 10000 | 测试备注
2024-06-25 | 70.5 | 175.0 | 75 | 120 | 80 | 8 | 10000 | 这是一个很长的备注这是一个很长的备注这是一个很长的备注这是一个很长的备注这是一个很长的备注这是一个很长的备注这是一个很长的备注这是一个很长的备注这是一个很长的备注这是一个很长的备注这是一个很长的备注这是一个很长的备注这是一个很长的备注这是一个很长的备注这是一个很长的备注这是一个很长的备注这是一个很长的备注这是一个很长的备注这是一个很长的备注这是一个很长的备注这是一个很长的备注这是一个很长的备注这是一个很长的备注这是一个很长的备注这是一个很长的备注这是一个很长的备注这是一个很长的备注这是一个很长的备注这是一个很长的备注这是一个很长的备注这是一个很长的备注这是一个很长的备注这是一个很长的备注这是一个很长的备注这是一个很长的备注这是一个很长的备注这是一个很长的备注这是一个很长的备注这是一个很长的备注这是一个很长的备注这是一个很长的备注这是一个很长的备注这是一个很长的备注这是一个很长的备注这是一个很长的备注这是一个很长的备注这是一个很长的备注这是一个很长的备注这是一个很长的备注这是一个很长的备注这是一个很长的备注这是一个很长的备注这是一个很长的备注这是一个很长的备注这是一个很长的备注这是一个很长的备注这是一个很长的备注这是一个很长的备注这是一个很长的备注这是一个很长的备注这是一个很长的备注这是一个很长的备注这是一个很长的备注这是一个很长的备注这是一个很长的备注这是一个很长的备注这是一个很长的备注这是一个很长的备注这是一个很长的备注这是一个很长的备注这是一个很长的备注这是一个很长的备注这是一个很长的备注这是一个很长的备注这是一个很长的备注这是一个很长的备注这是一个很长的备注这是一个很长的备注这是一个很长的备注这是一个很长的备注这是一个很长的备注这是一个很长的备注这是一个很长的备注这是一个很长的备注这是一个很长的备注这是一个很长的备注这是一个很长的备注这是一个很长的备注这是一个很长的备注这是一个很长的备注这是一个很长的备注这是一个很长的备注这是一个很长的备注这是一个很长的备注这是一个很长的备注这是一个很长的备注这是一个很长的备注这是一个很长的备注这是一个很长的备注这是一个很长的备注
2024-06-25 | 70.5 | 175.0 | 75 | 120 | 80 | 8 | 10000 | 测试
2024-06-25 | 70.5 | 175.0 | 75 | 120 | 80 | 8 | 10000 | 测试
2024-06-25 | 70.0 | 175.0 | 75 | 120 | 80 | 8 | 10000 | 测试
2024-06-25 | 70.5 | 175.0 | 75 | 120 | 80 | 8 | 10000 | 测试
